11
111
11111
33
333
33333
4444444
55
555
55555
66
66666
6666666
77
777
77777
88
888
99
111111
1212
121212
1313
131313
1414
141414
1515
1616
2020
2121
2222
222222
2323
232323
2424
242424
2525
252525
2626
2727
282828
292929
303030
313131
323232
3333
333333
3434
343434
3535
3636
3737
3838
3939
404040
4141
414141
4242
424242
4343
434343
4444
444444
4545
454545
4545454545
4646
464646
4747
474747
4848
4949
5050
5252
5353
5454
545454
5555
555555
5656
5757
5858
5959
595959
6060
606060
6161
616161
6262
626262
6363
636363
6464
646464
6565
656565
6666
666666
6767
6868
6969
7070
7171
717171
7272
727272
7373
737373
7474
747474
757575
767676
7777
777777
7878
787878
7979
797979
8080
808080
8181
818181
8282
828282
8383
838383
8484
848484
8585
8686
8787
878787
8888
888888
8989
898989
9090
909090
9191
919191
9292
929292
9393
939393
9494
949494
9595
959595
9696
969696
979797
989898
999999
103103
104104
105105
106106
107107
108108
109109
110110
111111
112112
113113
114114
115115
116116
117117
118118
119119
120120
121121
122122
123123
124124
125125
126126
127127
128128
129129
130130
131131
132132
133133
134134
135135
136136
137137
138138
139139
140140
141141
142142
143143
144144
145145
146146
222222
223223
224224
225225
226226
227227
228228
229229
230230
231231
232232
233233
234234
235235
236236
237237
238238
239239
240240
241241
242242
243243
244244
245245
246246
247247
248248
249249
250250
251251
252252
253253
254254
255255
280280
281281
282282
283283
284284
285285
286286
287287
288288
289289
290290
291291
292292
293293
294294
295295
296296
297297
298298
299299
300300
301301
302302
303303
304304
305305
306306
307307
308308
309309
310310
311311
312312
313313
314314
315315
316316
317317
318318
319319
320320
321321
322322
323323
324324
325325
326326
327327
328328
329329
330330
331331
332332
333333
334334
335335
336336
337337
338338
339339
340340
341341
342342
343343
344344
345345
400400
401401
402402
403403
404404
405405
406406
407407
408408
409409
410410
411411
412412
413413
414414
415415
416416
417417
418418
419419
420420
421421
422422
423423
424424
425425
426426
427427
428428
429429
430430
431431
432432
433433
434434
435435
436436
437437
438438
439439
440440
441441
442442
443443
444444
445445
446446
447447
448448
449449
450450
451451
452452
453453
454454
455455
456456
457457
458458
459459
460460
461461
462462
463463
464464
465465
466466
467467
468468
469469
470470
471471
472472
473473
474474
475475
476476
477477
478478
479479
537537
538538
539539
540540
541541
542542
543543
544544
545545
546546
547547
548548
549549
550550
551551
552552
553553
554554
555555
556556
557557
558558
559559
560560
561561
562562
563563
564564
565565
594594
595595
596596
597597
598598
599599
600600
601601
602602
603603
604604
605605
606606
607607
608608
609609
610610
611611
612612
613613
614614
615615
616616
617617
618618
619619
620620
621621
622622
623623
624624
625625
626626
627627
628628
629629
630630
631631
632632
633633
634634
635635
636636
637637
638638
639639
640640
641641
642642
643643
644644
645645
646646
647647
648648
649649
650650
651651
652652
653653
654654
655655
656656
657657
658658
659659
660660
661661
662662
663663
664664
665665
666666
667667
668668
669669
670670
671671
672672
710710
711711
712712
713713
714714
715715
716716
717717
718718
719719
720720
721721
722722
723723
724724
725725
726726
727727
728728
729729
730730
731731
732732
733733
734734
735735
736736
737737
738738
739739
740740
741741
742742
743743
744744
745745
746746
747747
748748
749749
750750
751751
752752
753753
754754
755755
756756
757757
758758
759759
760760
761761
762762
763763
764764
765765
766766
767767
768768
769769
770770
771771
772772
773773
774774
775775
776776
777777
778778
779779
780780
781781
782782
783783
784784
785785
786786
787787
788788
789789
790790
791791
792792
793793
794794
795795
796796
797797
798798
799799
800800
801801
802802
803803
804804
805805
806806
807807
808808
809809
810810
811811
812812
813813
814814
815815
816816
817817
818818
819819
820820
821821
822822
823823
824824
825825
826826
827827
828828
829829
830830
831831
832832
833833
834834
835835
836836
836836836
837837
838838
839839
840840
841841
842842
843843
844844
845845
846846
847847
848848
849849
850850
851851
852852
873873
874874
875875
876876
877877
878878
879879
880880
881881
882882
883883
884884
885885
886886
887887
888888
889889
890890
891891
892892
893893
894894
895895
896896
897897
898898
899899
900900
901901
902902
903903
904904
905905
906906
907907
908908
909909
910910
911911
912912
913913
914914
915915
916916
917917
918918
919919
920920
921921
922922
923923
924924
925925
926926
927927
928928
929929
930930
931931
932932
933933
934934
935935
936936
937937
938938
939939
940940
941941
942942
943943
944944
945945
946946
947947
948948
949949
950950
951951
952952
953953
954954
955955
956956
957957
958958
959959
960960
961961
962962
963963
964964
965965
966966
967967
968968
969969
970970
971971
972972
973973
974974
975975
976976
977977
978978
979979
980980
981981
982982
983983
984984
985985
986986
987987
988988
989989
990990
991991
992992
993993
994994
995995
996996
997997
998998
999999
65596559
65606560
65616561
65626562
65636563
65646564
65656565
65666566
65676567
65686568
65696569
68606860
68616861
68626862
68636863
68646864
68656865
68666866
68676867
68686868
68696869
68706870
68716871
68726872
68736873
68746874
68756875
68766876
71617161
71627162
71637163
71647164
71657165
71667166
71677167
71687168
71697169
71707170
71717171
71727172
71737173
71747174
71757175
71767176
71777177
71787178
83898389
83908390
83918391
83928392
83938393
83948394
83958395
83968396
83978397
89458945
89468946
89478947
89488948
89498949
89508950
89518951
89528952
89538953
89548954
89558955
3395633956
4362543625
4545445454
8664386643
