gcc -O2 main.c -o main.run
./main.run
0 81 674 0:3
1 358 494 729 0 79 401 507 585 607 439 456 467 364 1:7
2 347 1 2:4
3 604 2 3:4
4 4:2
5 994 3 491 801 934 76 242 768 869 64 334 344 462 757 989 419 517 880 428 821 5:8
6 15 405 5 414 6:4
7 47 423 576 6 225 412 468 504 805 319 894 7:5
8 716 926 7 991 8:4
9 9:2
10 257 343 512 590 881 8 13 278 392 918 992 152 453 750 802 708 817 848 948 19 825 10:7
11 564 645 874 10 18 549 629 965 265 559 725 746 911 180 317 591 615 770 950 11:6
12 12:2
14 266 652 11 13:4
16 14:2
17 185 898 14 834 234 566 886 15:5
20 700 17 16:4
21 823 20 94 631 688 119 138 513 764 36 328 56 166 840 799 839 543 924 443 733 744 851 17:16
22 436 508 999 21 284 977 589 797 104 935 774 18:9
23 19:2
24 193 471 900 22 20:4
25 192 24 126 21:4
26 101 129 369 482 640 25 65 277 301 621 765 109 216 579 656 163 226 264 518 626 122 241 437 587 771 910 951 82 209 546 692 877 942 215 304 521 472 84 95 580 196 227 22:12
27 410 577 639 26 23:4
28 286 27 361 830 919 236 800 291 325 469 570 176 229 411 59 598 624 24:11
29 445 28 25:4
30 174 593 868 29 220 829 315 545 26:6
31 916 955 30 766 897 160 537 398 949 426 480 782 27:10
32 573 31 351 385 642 279 630 816 55 228 481 554 558 307 715 465 721 854 440 488 601 826 927 394 684 875 882 368 632 993 280 909 28:16
33 617 32 29:4
34 30:2
35 48 778 987 33 177 233 52 606 142 486 548 628 31:6
37 275 362 371 510 858 35 920 562 32:5
38 165 178 581 853 929 37 500 575 641 704 705 752 794 87 399 406 571 267 309 340 421 431 483 485 717 859 867 896 506 841 33:8
39 34:2
40 712 38 35:4
41 722 40 36:4
42 857 865 41 885 37:4
43 833 873 42 657 522 807 80 38:6
44 102 921 930 43 609 844 393 397 701 760 167 272 815 207 457 487 115 933 976 39:9
45 67 323 44 40:4
46 634 45 41:4
49 756 46 269 710 217 569 112 895 492 66 42:8
50 43:2
51 44:2
53 45:2
54 970 49 46:4
57 904 54 730 47:4
58 212 254 57 856 650 971 455 536 231 866 219 48:8
60 539 58 90 907 49:4
61 96 97 298 850 871 60 798 50:4
62 489 61 638 374 742 872 335 473 775 719 51:7
63 981 62 157 367 92 52:5
68 403 63 53:4
69 447 937 68 140 195 370 424 427 529 474 813 250 314 796 803 643 54:8
70 55:2
71 300 326 69 188 550 679 847 56:5
72 98 922 71 57:4
73 58:2
74 313 72 568 59:4
75 947 74 758 111 60:5
77 213 761 75 324 776 130 136 322 734 972 660 876 925 820 409 61:8
78 696 741 77 62:4
83 63:2
85 695 78 64:4
86 413 959 85 268 461 567 353 65:6
88 66:2
89 592 636 86 194 289 709 928 524 67:5
91 812 89 124 627 68:5
93 69:2
99 939 91 511 271 70:5
100 71:2
103 149 99 151 870 879 175 454 499 887 72:6
105 777 103 73:4
106 218 105 74:4
107 75:2
108 135 295 365 967 106 274 297 594 702 795 814 945 946 141 191 253 595 669 751 208 238 239 243 247 605 998 147 622 186 408 649 664 156 251 538 76:9
110 181 252 728 108 190 788 619 983 77:5
113 78:2
114 79:2
116 422 523 110 246 80:4
117 81:2
118 287 116 285 255 418 82:5
120 83:2
121 997 118 618 84:4
123 726 963 121 85:4
125 635 691 123 429 832 161 809 519 525 646 312 86:7
127 87:2
128 331 451 623 828 125 199 290 745 893 964 754 535 88:8
131 89:2
132 737 914 128 596 681 146 240 90:5
133 975 132 348 530 91:4
134 92:2
137 357 133 93:4
139 354 137 699 560 837 497 94:6
143 95:2
144 475 553 139 743 749 831 169 273 931 96:5
145 154 144 97:4
148 376 145 153 98:4
150 99:2
155 438 148 675 835 100:4
158 685 155 973 101:4
159 102:2
162 103:2
164 104:2
168 105:2
170 106:2
171 107:2
172 108:2
173 384 496 158 109:4
179 110:2
182 111:2
183 112:2
184 113:2
187 114:2
189 115:2
197 116:2
198 249 849 923 173 117:4
200 118:2
201 449 198 503 713 119:5
202 120:2
203 333 201 263 121:4
204 396 203 122:4
205 759 204 995 342 293 123:6
206 124:2
210 450 205 125:4
211 296 735 845 210 714 913 294 126:5
214 416 544 673 211 127:4
221 912 214 128:4
222 129:2
223 130:2
224 345 818 221 131:4
230 270 224 556 132:4
232 133:2
235 349 230 134:4
237 258 653 235 135:4
244 136:2
245 276 613 986 237 137:4
248 379 582 962 985 245 748 787 299 390 724 966 375 138:6
256 878 248 139:4
259 140:2
260 141:2
261 470 256 142:4
262 143:2
281 458 961 261 336 658 883 144:4
282 283 941 281 490 145:4
288 889 984 282 602 698 146:5
292 502 563 288 434 597 540 633 147:5
302 843 292 381 148:4
303 706 302 584 149:4
305 762 890 303 672 150:4
306 694 305 151:4
308 152:2
310 153:2
311 154:2
316 155:2
318 156:2
320 157:2
321 940 306 158:4
327 755 321 611 159:4
329 723 327 160:4
330 526 842 329 161:4
332 863 330 862 162:4
337 417 332 578 163:4
338 655 337 164:4
339 541 338 165:4
341 166:2
346 167:2
350 168:2
352 169:2
355 170:2
356 171:2
359 677 773 905 339 479 610 763 667 738 425 172:6
360 420 936 359 561 173:4
363 574 791 943 360 846 855 534 690 957 174:5
366 175:2
372 532 827 363 176:4
373 177:2
377 178:2
378 179:2
380 484 372 180:4
382 697 731 769 860 380 181:4
383 182:2
386 183:2
387 852 944 382 184:4
388 185:2
389 780 806 387 686 415 186:5
391 187:2
395 188:2
400 189:2
402 954 389 190:4
404 191:2
407 192:2
430 193:2
432 194:2
433 195:2
435 196:2
441 197:2
442 498 402 520 198:4
444 586 668 442 514 888 199:5
446 200:2
448 201:2
452 202:2
459 683 444 203:4
460 204:2
463 205:2
464 804 459 206:4
466 207:2
476 208:2
477 670 464 209:4
478 979 477 680 210:4
493 211:2
495 212:2
501 213:2
505 214:2
509 215:2
515 216:2
516 625 478 217:4
527 958 516 218:4
528 779 527 219:4
531 220:2
533 221:2
542 222:2
547 223:2
551 224:2
552 225:2
555 226:2
557 661 952 528 227:4
565 228:2
572 229:2
583 230:2
588 974 557 231:4
599 232:2
600 861 588 233:4
603 711 884 982 600 234:4
608 235:2
612 236:2
614 682 603 237:4
616 238:2
620 239:2
637 240:2
644 241:2
647 242:2
648 243:2
651 244:2
654 969 614 245:4
659 246:2
662 767 654 247:4
663 248:2
665 249:2
666 250:2
671 251:2
676 252:2
678 253:2
687 254:2
689 902 662 255:4
693 256:2
703 257:2
707 258:2
718 978 689 259:4
720 891 718 260:4
727 261:2
732 932 720 262:4
736 783 732 263:4
739 264:2
740 265:2
747 811 736 266:4
753 836 747 267:4
772 968 753 268:4
781 269:2
784 824 772 270:4
785 271:2
786 819 784 272:4
789 273:2
790 274:2
792 275:2
793 276:2
808 903 786 277:4
810 278:2
822 279:2
838 280:2
864 281:2
892 282:2
899 283:2
901 906 808 284:4
908 285:2
915 286:2
917 287:2
938 288:2
953 289:2
956 290:2
960 291:2
980 292:2
988 293:2
990 294:2
996 295:2
