5454499011750
1730808913597
1
1
5050270147277
6188494098996
6320133746532
8049850528282
2293527887377
4413432309426
852370412552
874599820424
854378514682
769430718520
1742028350334
2859803709789
2582108267478
3623033428636
5609198680490
5713069436150
7063151673649
9259748832140
583165488466
749271132821
769571858939
272380562997
1155113799669
459466039933
244530226816
530277562986
1497568699936
5826653576806
5801474512367
7409183531515
1
3589861062074
5019310935926
7584533832623
9425139143805
1
4799003178661
7298472140748
8412131008765
5553561237126
2150593414597
3896410893562
6839949846959
6688198745057
6149901688291
5929272753208
6233608893111
9549986179249
2173774304302
3870111769421
7545704926698
4118986212590
1
6676036779491
6428570156004
4297393165477
1
6884903757983
1203355982819
1338909004336
516687473692
513726262956
1046495385053
446680220024
3780399770834
5014063499226
4950728439009
5147558405250
6684091915175
558648330483
474123659035
675135549555
1968304727752
3271913041723
3670022641433
3566992628390
6872108664815
1
6952116123196
4961789535756
4793880205218
2317241109476
5674429846382
7526346086316
9365745562684
5032800661526
1
8184249030861
