gcc -O0 main.c -o main.run
./main.run
5454499011750
1
1730808913597
1
1
5050270147277
6188494098996
6320133746532
1
8049850528282
1
2293527887377
4413432309426
852370412552
874599820424
1
1
854378514682
769430718520
1
1068187237334
1
482656179252
191184933750
2859803709789
2582108267478
3623033428636
1
1
5609198680490
5713069436150
1
7063151673649
1
9259748832140
1
1
1
1
583165488466
1
749271132821
769571858939
1
1
272380562997
756868823664
182183156227
216061819780
459466039933
1
244530226816
530277562986
607355370608
1
1
890213329329
5826653576806
1
5801474512367
1
7409183531515
1
3589861062074
5019310935926
7584533832623
1
9425139143805
1
1
1
1
1
1
1
1
1
1
4799003178661
7298472140748
1
8412131008765
1
5553561237126
2150593414597
1
3896410893562
6839949846959
1
6688198745057
6149901688291
1
5929272753208
1
6233608893111
1
9549986179249
1
1
1
1
1
1
1
1
2173774304302
3870111769421
7545704926698
1
4118986212590
1
6676036779491
1
6428570156004
1
1
4297393165477
1
6884903757983
664171520385
539184462435
1338909004336
1
1
1
516687473692
513726262956
1046495385053
1
446680220024
1
3780399770834
5014063499226
4950728439009
5147558405250
1
6684091915175
1
558648330483
474123659035
675135549555
1
1
804532711883
1
962140314593
1
201631701278
3271913041723
3670022641433
3566992628390
6872108664815
1
6952116123196
1
4961789535756
1
4793880205218
2317241109476
5674429846382
1
1
7526346086316
9365745562684
1
1
1
1
1
1
5032800661526
1
1
8184249030861
